high=1.14865
low=1.12619
store=yes
